90
30
001000000000000000000000000000000000000000000000000000000000000000000000000000000000000000
000100000000000000000000000000000000000000000000000000000000000000000000000000000000000000
011100000000000000000000000000000000000000000000000000000000000000000000000000000000000000
000000000000000000000000000000000000000000000000000000000000000000000000000000000000000000
000000000000000000000000000000000000000000000000000000000000000000000000000000000000010000
000000000000000000000000000000000000000000000000000000000000000000000000000000000000001000
000000000000000000000000000000000000000000000000000000000000000000000000000000000000111000
000000000000000000000000000000000000000000000000000000000000000000000000000000000000000000
000000000000000000000000000000000000000000000000000000000000000000000000000000000000000000
000000000000000000000000000000000000000000000000000000000000000000000000000000000000000000
000000000000000000000000000000000000000000000000000000000000000000000000000000000000000000
000000000000000000000000000000000000000000000000000000000000000000000000001100000000000000
000000000000000000000000000000000000000000000000000000000000000000000000001010000000000000
000000000000000000000000000000000000000000000000000000000000000000000000000100000000000000
000000000000000000000000000000000000000000000000000000000000000000000000000000000000000000
000000000000000000000000000000000000000000000000000000000000000000000000000000000000000000
010001000100010001000100010001000100010001000100010001000100010001000100010001000000000000
010001000100010001000100010001000100010001000100010001000100010001000100010001000000000000
010001000100010001000100010001000100010001000100010001000100010001000100010001000000000000
000000000000000000000000000000000000000000000000000000000000000000000000000000000000000000
010001000100010001000100010001000100010001000100010001000100010001000100010001000000000000
010001000100010001000100010001000100010001000100010001000100010001000100010001000000000000
010001000100010001000100010001000100010001000100010001000100010001000100010001000000000000
000000000000000000000000000000000000000000000000000000000000000000000000000000000000000000
010001000100010001000100010001000100010001000100010001000100010001000100010001000000000000
010001000100010001000100010001000100010001000100010001000100010001000100010001000000000000
010001000100010001000100010001000100010001000100010001000100010001000100010001000000000000
000000000000000000000000000000000000000000000000000000000000000000000000000000000000000000
000000000000000000000000000000000000000000000000000000000000000000000000000000000000000000
000000000000000000000000000000000000000000000000000000000000000000000000000000000000000000